entries = 304 
description 	 index 	 amin 	 amax 	 emin 	 emax 	 value 	 interval 
s 	 0 	 0 	 5 	 0 	 1 	 0.999999855346 	 0.999999855346 	 0.999999855346 
s 	 0 	 5 	 10 	 0 	 1 	 0.999999224305 	 0.999999224305 	 0.999999224305 
s 	 0 	 10 	 15 	 0 	 1 	 0.999998428250 	 0.999998428250 	 0.999998428250 
s 	 0 	 15 	 20 	 0 	 1 	 0.999997860980 	 0.999997860980 	 0.999997860980 
s 	 0 	 20 	 25 	 0 	 1 	 0.999995931442 	 0.999995931442 	 0.999995931442 
s 	 0 	 25 	 30 	 0 	 1 	 0.999992572100 	 0.999992572100 	 0.999992572100 
s 	 0 	 30 	 35 	 0 	 1 	 0.999989168884 	 0.999989168884 	 0.999989168884 
s 	 0 	 35 	 40 	 0 	 1 	 0.999986198627 	 0.999986198627 	 0.999986198627 
s 	 0 	 40 	 45 	 0 	 1 	 0.999982929934 	 0.999982929934 	 0.999982929934 
s 	 0 	 45 	 50 	 0 	 1 	 0.999977710573 	 0.999977710573 	 0.999977710573 
s 	 0 	 50 	 55 	 0 	 1 	 0.999973546284 	 0.999973546284 	 0.999973546284 
s 	 0 	 55 	 60 	 0 	 1 	 0.999968461940 	 0.999968461940 	 0.999968461940 
s 	 0 	 60 	 65 	 0 	 1 	 0.999960810034 	 0.999960810034 	 0.999960810034 
s 	 0 	 65 	 70 	 0 	 1 	 0.999954146033 	 0.999954146033 	 0.999954146033 
s 	 0 	 70 	 75 	 0 	 1 	 0.999938978725 	 0.999938978725 	 0.999938978725 
s 	 0 	 0 	 120 	 1 	 3 	 0.000000000000 	 0.000000000000 	 0.000000000000 
lf 	 1 	 0 	 5 	 0 	 1 	 0.000000000806 	 0.000000000806 	 0.000000000806 
lf 	 1 	 5 	 10 	 0 	 1 	 0.000000002766 	 0.000000002766 	 0.000000002766 
lf 	 1 	 10 	 15 	 0 	 1 	 0.000000003069 	 0.000000003069 	 0.000000003069 
lf 	 1 	 15 	 20 	 0 	 1 	 0.000000010727 	 0.000000010727 	 0.000000010727 
lf 	 1 	 20 	 25 	 0 	 1 	 0.000000039621 	 0.000000039621 	 0.000000039621 
lf 	 1 	 25 	 30 	 0 	 1 	 0.000000050006 	 0.000000050006 	 0.000000050006 
lf 	 1 	 30 	 35 	 0 	 1 	 0.000000051342 	 0.000000051342 	 0.000000051342 
lf 	 1 	 35 	 40 	 0 	 1 	 0.000000048494 	 0.000000048494 	 0.000000048494 
lf 	 1 	 40 	 45 	 0 	 1 	 0.000000047871 	 0.000000047871 	 0.000000047871 
lf 	 1 	 45 	 50 	 0 	 1 	 0.000000050749 	 0.000000050749 	 0.000000050749 
lf 	 1 	 50 	 55 	 0 	 1 	 0.000000054813 	 0.000000054813 	 0.000000054813 
lf 	 1 	 55 	 60 	 0 	 1 	 0.000000056136 	 0.000000056136 	 0.000000056136 
lf 	 1 	 60 	 65 	 0 	 1 	 0.000000070479 	 0.000000070479 	 0.000000070479 
lf 	 1 	 65 	 70 	 0 	 1 	 0.000000043388 	 0.000000043388 	 0.000000043388 
lf 	 1 	 70 	 75 	 0 	 1 	 0.000000037488 	 0.000000037488 	 0.000000037488 
lf 	 1 	 0 	 120 	 1 	 3 	 0.000000000000 	 0.000000000000 	 0.000000000000 
ls 	 2 	 0 	 5 	 0 	 1 	 0.000000139848 	 0.000000139848 	 0.000000139848 
ls 	 2 	 5 	 10 	 0 	 1 	 0.000000750047 	 0.000000750047 	 0.000000750047 
ls 	 2 	 10 	 15 	 0 	 1 	 0.000001519763 	 0.000001519763 	 0.000001519763 
ls 	 2 	 15 	 20 	 0 	 1 	 0.000002029947 	 0.000002029947 	 0.000002029947 
ls 	 2 	 20 	 25 	 0 	 1 	 0.000003725728 	 0.000003725728 	 0.000003725728 
ls 	 2 	 25 	 30 	 0 	 1 	 0.000006678823 	 0.000006678823 	 0.000006678823 
ls 	 2 	 30 	 35 	 0 	 1 	 0.000009672602 	 0.000009672602 	 0.000009672602 
ls 	 2 	 35 	 40 	 0 	 1 	 0.000012288042 	 0.000012288042 	 0.000012288042 
ls 	 2 	 40 	 45 	 0 	 1 	 0.000015166168 	 0.000015166168 	 0.000015166168 
ls 	 2 	 45 	 50 	 0 	 1 	 0.000019756540 	 0.000019756540 	 0.000019756540 
ls 	 2 	 50 	 55 	 0 	 1 	 0.000023414540 	 0.000023414540 	 0.000023414540 
ls 	 2 	 55 	 60 	 0 	 1 	 0.000027784663 	 0.000027784663 	 0.000027784663 
ls 	 2 	 60 	 65 	 0 	 1 	 0.000034331600 	 0.000034331600 	 0.000034331600 
ls 	 2 	 65 	 70 	 0 	 1 	 0.000039822972 	 0.000039822972 	 0.000039822972 
ls 	 2 	 70 	 75 	 0 	 1 	 0.000052122861 	 0.000052122861 	 0.000052122861 
ls 	 2 	 0 	 120 	 1 	 3 	 0.000000000000 	 0.000000000000 	 0.000000000000 
di+ 	 3 	 0 	 5 	 0 	 1 	 0.000000000137 	 0.000000000137 	 0.000000000137 
di+ 	 3 	 5 	 10 	 0 	 1 	 0.000000000553 	 0.000000000553 	 0.000000000553 
di+ 	 3 	 10 	 15 	 0 	 1 	 0.000000000768 	 0.000000000768 	 0.000000000768 
di+ 	 3 	 15 	 20 	 0 	 1 	 0.000000009823 	 0.000000009823 	 0.000000009823 
di+ 	 3 	 20 	 25 	 0 	 1 	 0.000000039447 	 0.000000039447 	 0.000000039447 
di+ 	 3 	 25 	 30 	 0 	 1 	 0.000000061318 	 0.000000061318 	 0.000000061318 
di+ 	 3 	 30 	 35 	 0 	 1 	 0.000000070480 	 0.000000070480 	 0.000000070480 
di+ 	 3 	 35 	 40 	 0 	 1 	 0.000000072843 	 0.000000072843 	 0.000000072843 
di+ 	 3 	 40 	 45 	 0 	 1 	 0.000000075726 	 0.000000075726 	 0.000000075726 
di+ 	 3 	 45 	 50 	 0 	 1 	 0.000000083889 	 0.000000083889 	 0.000000083889 
di+ 	 3 	 50 	 55 	 0 	 1 	 0.000000092345 	 0.000000092345 	 0.000000092345 
di+ 	 3 	 55 	 60 	 0 	 1 	 0.000000143350 	 0.000000143350 	 0.000000143350 
di+ 	 3 	 60 	 65 	 0 	 1 	 0.000000193561 	 0.000000193561 	 0.000000193561 
di+ 	 3 	 65 	 70 	 0 	 1 	 0.000000255089 	 0.000000255089 	 0.000000255089 
di+ 	 3 	 70 	 75 	 0 	 1 	 0.000000344555 	 0.000000344555 	 0.000000344555 
di+ 	 3 	 0 	 120 	 1 	 3 	 0.000000000000 	 0.000000000000 	 0.000000000000 
di- 	 4 	 0 	 5 	 0 	 1 	 0.000000001069 	 0.000000001069 	 0.000000001069 
di- 	 4 	 5 	 10 	 0 	 1 	 0.000000004364 	 0.000000004364 	 0.000000004364 
di- 	 4 	 10 	 15 	 0 	 1 	 0.000000006111 	 0.000000006111 	 0.000000006111 
di- 	 4 	 15 	 20 	 0 	 1 	 0.000000007357 	 0.000000007357 	 0.000000007357 
di- 	 4 	 20 	 25 	 0 	 1 	 0.000000020899 	 0.000000020899 	 0.000000020899 
di- 	 4 	 25 	 30 	 0 	 1 	 0.000000032402 	 0.000000032402 	 0.000000032402 
di- 	 4 	 30 	 35 	 0 	 1 	 0.000000037737 	 0.000000037737 	 0.000000037737 
di- 	 4 	 35 	 40 	 0 	 1 	 0.000000039474 	 0.000000039474 	 0.000000039474 
di- 	 4 	 40 	 45 	 0 	 1 	 0.000000041295 	 0.000000041295 	 0.000000041295 
di- 	 4 	 45 	 50 	 0 	 1 	 0.000000045832 	 0.000000045832 	 0.000000045832 
di- 	 4 	 50 	 55 	 0 	 1 	 0.000000050414 	 0.000000050414 	 0.000000050414 
di- 	 4 	 55 	 60 	 0 	 1 	 0.000000078112 	 0.000000078112 	 0.000000078112 
di- 	 4 	 60 	 65 	 0 	 1 	 0.000000106622 	 0.000000106622 	 0.000000106622 
di- 	 4 	 65 	 70 	 0 	 1 	 0.000000157093 	 0.000000157093 	 0.000000157093 
di- 	 4 	 70 	 75 	 0 	 1 	 0.000000224783 	 0.000000224783 	 0.000000224783 
di- 	 4 	 0 	 120 	 1 	 3 	 0.000000000000 	 0.000000000000 	 0.000000000000 
dn 	 5 	 0 	 5 	 0 	 1 	 0.000000000000 	 0.000000000000 	 0.000000000000 
dn 	 5 	 5 	 10 	 0 	 1 	 0.000000000000 	 0.000000000000 	 0.000000000000 
dn 	 5 	 10 	 15 	 0 	 1 	 0.000000000000 	 0.000000000000 	 0.000000000000 
dn 	 5 	 15 	 20 	 0 	 1 	 0.000000000000 	 0.000000000000 	 0.000000000000 
dn 	 5 	 20 	 25 	 0 	 1 	 0.000000000000 	 0.000000000000 	 0.000000000000 
dn 	 5 	 25 	 30 	 0 	 1 	 0.000000000000 	 0.000000000000 	 0.000000000000 
dn 	 5 	 30 	 35 	 0 	 1 	 0.000000000000 	 0.000000000000 	 0.000000000000 
dn 	 5 	 35 	 40 	 0 	 1 	 0.000000000000 	 0.000000000000 	 0.000000000000 
dn 	 5 	 40 	 45 	 0 	 1 	 0.000000000000 	 0.000000000000 	 0.000000000000 
dn 	 5 	 45 	 50 	 0 	 1 	 0.000000000000 	 0.000000000000 	 0.000000000000 
dn 	 5 	 50 	 55 	 0 	 1 	 0.000000000000 	 0.000000000000 	 0.000000000000 
dn 	 5 	 55 	 60 	 0 	 1 	 0.000000000000 	 0.000000000000 	 0.000000000000 
dn 	 5 	 60 	 65 	 0 	 1 	 0.000000000000 	 0.000000000000 	 0.000000000000 
dn 	 5 	 65 	 70 	 0 	 1 	 0.000000000000 	 0.000000000000 	 0.000000000000 
dn 	 5 	 70 	 75 	 0 	 1 	 0.000000000000 	 0.000000000000 	 0.000000000000 
dn 	 5 	 0 	 120 	 1 	 3 	 0.000000000000 	 0.000000000000 	 0.000000000000 
ti+ 	 6 	 0 	 5 	 0 	 1 	 0.000000000020 	 0.000000000020 	 0.000000000020 
ti+ 	 6 	 5 	 10 	 0 	 1 	 0.000000000085 	 0.000000000085 	 0.000000000085 
ti+ 	 6 	 10 	 15 	 0 	 1 	 0.000000000123 	 0.000000000123 	 0.000000000123 
ti+ 	 6 	 15 	 20 	 0 	 1 	 0.000000001395 	 0.000000001395 	 0.000000001395 
ti+ 	 6 	 20 	 25 	 0 	 1 	 0.000000005779 	 0.000000005779 	 0.000000005779 
ti+ 	 6 	 25 	 30 	 0 	 1 	 0.000000009419 	 0.000000009419 	 0.000000009419 
ti+ 	 6 	 30 	 35 	 0 	 1 	 0.000000011017 	 0.000000011017 	 0.000000011017 
ti+ 	 6 	 35 	 40 	 0 	 1 	 0.000000011488 	 0.000000011488 	 0.000000011488 
ti+ 	 6 	 40 	 45 	 0 	 1 	 0.000000011945 	 0.000000011945 	 0.000000011945 
ti+ 	 6 	 45 	 50 	 0 	 1 	 0.000000013177 	 0.000000013177 	 0.000000013177 
ti+ 	 6 	 50 	 55 	 0 	 1 	 0.000000014455 	 0.000000014455 	 0.000000014455 
ti+ 	 6 	 55 	 60 	 0 	 1 	 0.000000021746 	 0.000000021746 	 0.000000021746 
ti+ 	 6 	 60 	 65 	 0 	 1 	 0.000000029786 	 0.000000029786 	 0.000000029786 
ti+ 	 6 	 65 	 70 	 0 	 1 	 0.000000039318 	 0.000000039318 	 0.000000039318 
ti+ 	 6 	 70 	 75 	 0 	 1 	 0.000000053688 	 0.000000053688 	 0.000000053688 
ti+ 	 6 	 0 	 120 	 1 	 3 	 0.000000000000 	 0.000000000000 	 0.000000000000 
ti- 	 7 	 0 	 5 	 0 	 1 	 0.000000000098 	 0.000000000098 	 0.000000000098 
ti- 	 7 	 5 	 10 	 0 	 1 	 0.000000000414 	 0.000000000414 	 0.000000000414 
ti- 	 7 	 10 	 15 	 0 	 1 	 0.000000000601 	 0.000000000601 	 0.000000000601 
ti- 	 7 	 15 	 20 	 0 	 1 	 0.000000000725 	 0.000000000725 	 0.000000000725 
ti- 	 7 	 20 	 25 	 0 	 1 	 0.000000001971 	 0.000000001971 	 0.000000001971 
ti- 	 7 	 25 	 30 	 0 	 1 	 0.000000003165 	 0.000000003165 	 0.000000003165 
ti- 	 7 	 30 	 35 	 0 	 1 	 0.000000003744 	 0.000000003744 	 0.000000003744 
ti- 	 7 	 35 	 40 	 0 	 1 	 0.000000003949 	 0.000000003949 	 0.000000003949 
ti- 	 7 	 40 	 45 	 0 	 1 	 0.000000004135 	 0.000000004135 	 0.000000004135 
ti- 	 7 	 45 	 50 	 0 	 1 	 0.000000004572 	 0.000000004572 	 0.000000004572 
ti- 	 7 	 50 	 55 	 0 	 1 	 0.000000005014 	 0.000000005014 	 0.000000005014 
ti- 	 7 	 55 	 60 	 0 	 1 	 0.000000007532 	 0.000000007532 	 0.000000007532 
ti- 	 7 	 60 	 65 	 0 	 1 	 0.000000010418 	 0.000000010418 	 0.000000010418 
ti- 	 7 	 65 	 70 	 0 	 1 	 0.000000015250 	 0.000000015250 	 0.000000015250 
ti- 	 7 	 70 	 75 	 0 	 1 	 0.000000022184 	 0.000000022184 	 0.000000022184 
ti- 	 7 	 0 	 120 	 1 	 3 	 0.000000000000 	 0.000000000000 	 0.000000000000 
tn 	 8 	 0 	 5 	 0 	 1 	 0.000000000000 	 0.000000000000 	 0.000000000000 
tn 	 8 	 5 	 10 	 0 	 1 	 0.000000000000 	 0.000000000000 	 0.000000000000 
tn 	 8 	 10 	 15 	 0 	 1 	 0.000000000000 	 0.000000000000 	 0.000000000000 
tn 	 8 	 15 	 20 	 0 	 1 	 0.000000000000 	 0.000000000000 	 0.000000000000 
tn 	 8 	 20 	 25 	 0 	 1 	 0.000000000000 	 0.000000000000 	 0.000000000000 
tn 	 8 	 25 	 30 	 0 	 1 	 0.000000000000 	 0.000000000000 	 0.000000000000 
tn 	 8 	 30 	 35 	 0 	 1 	 0.000000000000 	 0.000000000000 	 0.000000000000 
tn 	 8 	 35 	 40 	 0 	 1 	 0.000000000000 	 0.000000000000 	 0.000000000000 
tn 	 8 	 40 	 45 	 0 	 1 	 0.000000000000 	 0.000000000000 	 0.000000000000 
tn 	 8 	 45 	 50 	 0 	 1 	 0.000000000000 	 0.000000000000 	 0.000000000000 
tn 	 8 	 50 	 55 	 0 	 1 	 0.000000000000 	 0.000000000000 	 0.000000000000 
tn 	 8 	 55 	 60 	 0 	 1 	 0.000000000000 	 0.000000000000 	 0.000000000000 
tn 	 8 	 60 	 65 	 0 	 1 	 0.000000000000 	 0.000000000000 	 0.000000000000 
tn 	 8 	 65 	 70 	 0 	 1 	 0.000000000000 	 0.000000000000 	 0.000000000000 
tn 	 8 	 70 	 75 	 0 	 1 	 0.000000000000 	 0.000000000000 	 0.000000000000 
tn 	 8 	 0 	 120 	 1 	 3 	 0.000000000000 	 0.000000000000 	 0.000000000000 
defi+ 	 9 	 0 	 5 	 0 	 1 	 0.000000000000 	 0.000000000000 	 0.000000000000 
defi+ 	 9 	 5 	 10 	 0 	 1 	 0.000000000000 	 0.000000000000 	 0.000000000000 
defi+ 	 9 	 10 	 15 	 0 	 1 	 0.000000000000 	 0.000000000000 	 0.000000000000 
defi+ 	 9 	 15 	 20 	 0 	 1 	 0.000000000000 	 0.000000000000 	 0.000000000000 
defi+ 	 9 	 20 	 25 	 0 	 1 	 0.000000000000 	 0.000000000000 	 0.000000000000 
defi+ 	 9 	 25 	 30 	 0 	 1 	 0.000000000000 	 0.000000000000 	 0.000000000000 
defi+ 	 9 	 30 	 35 	 0 	 1 	 0.000000000000 	 0.000000000000 	 0.000000000000 
defi+ 	 9 	 35 	 40 	 0 	 1 	 0.000000000000 	 0.000000000000 	 0.000000000000 
defi+ 	 9 	 40 	 45 	 0 	 1 	 0.000000000000 	 0.000000000000 	 0.000000000000 
defi+ 	 9 	 45 	 50 	 0 	 1 	 0.000000000000 	 0.000000000000 	 0.000000000000 
defi+ 	 9 	 50 	 55 	 0 	 1 	 0.000000000000 	 0.000000000000 	 0.000000000000 
defi+ 	 9 	 55 	 60 	 0 	 1 	 0.000000000000 	 0.000000000000 	 0.000000000000 
defi+ 	 9 	 60 	 65 	 0 	 1 	 0.000000000000 	 0.000000000000 	 0.000000000000 
defi+ 	 9 	 65 	 70 	 0 	 1 	 0.000000000000 	 0.000000000000 	 0.000000000000 
defi+ 	 9 	 70 	 75 	 0 	 1 	 0.000000000000 	 0.000000000000 	 0.000000000000 
defi+ 	 9 	 0 	 120 	 1 	 3 	 0.000000000000 	 0.000000000000 	 0.000000000000 
ni+ 	 10 	 0 	 5 	 0 	 1 	 0.000000000154 	 0.000000000154 	 0.000000000154 
ni+ 	 10 	 5 	 10 	 0 	 1 	 0.000000000985 	 0.000000000985 	 0.000000000985 
ni+ 	 10 	 10 	 15 	 0 	 1 	 0.000000002284 	 0.000000002284 	 0.000000002284 
ni+ 	 10 	 15 	 20 	 0 	 1 	 0.000000011100 	 0.000000011100 	 0.000000011100 
ni+ 	 10 	 20 	 25 	 0 	 1 	 0.000000054380 	 0.000000054380 	 0.000000054380 
ni+ 	 10 	 25 	 30 	 0 	 1 	 0.000000152022 	 0.000000152022 	 0.000000152022 
ni+ 	 10 	 30 	 35 	 0 	 1 	 0.000000256880 	 0.000000256880 	 0.000000256880 
ni+ 	 10 	 35 	 40 	 0 	 1 	 0.000000349507 	 0.000000349507 	 0.000000349507 
ni+ 	 10 	 40 	 45 	 0 	 1 	 0.000000448433 	 0.000000448433 	 0.000000448433 
ni+ 	 10 	 45 	 50 	 0 	 1 	 0.000000598236 	 0.000000598236 	 0.000000598236 
ni+ 	 10 	 50 	 55 	 0 	 1 	 0.000000713485 	 0.000000713485 	 0.000000713485 
ni+ 	 10 	 55 	 60 	 0 	 1 	 0.000000843918 	 0.000000843918 	 0.000000843918 
ni+ 	 10 	 60 	 65 	 0 	 1 	 0.000001043431 	 0.000001043431 	 0.000001043431 
ni+ 	 10 	 65 	 70 	 0 	 1 	 0.000001221089 	 0.000001221089 	 0.000001221089 
ni+ 	 10 	 70 	 75 	 0 	 1 	 0.000001629327 	 0.000001629327 	 0.000001629327 
ni+ 	 10 	 0 	 120 	 1 	 3 	 0.000000000000 	 0.000000000000 	 0.000000000000 
defi- 	 11 	 0 	 5 	 0 	 1 	 0.000000000000 	 0.000000000000 	 0.000000000000 
defi- 	 11 	 5 	 10 	 0 	 1 	 0.000000000000 	 0.000000000000 	 0.000000000000 
defi- 	 11 	 10 	 15 	 0 	 1 	 0.000000000000 	 0.000000000000 	 0.000000000000 
defi- 	 11 	 15 	 20 	 0 	 1 	 0.000000000000 	 0.000000000000 	 0.000000000000 
defi- 	 11 	 20 	 25 	 0 	 1 	 0.000000000000 	 0.000000000000 	 0.000000000000 
defi- 	 11 	 25 	 30 	 0 	 1 	 0.000000000000 	 0.000000000000 	 0.000000000000 
defi- 	 11 	 30 	 35 	 0 	 1 	 0.000000000000 	 0.000000000000 	 0.000000000000 
defi- 	 11 	 35 	 40 	 0 	 1 	 0.000000000000 	 0.000000000000 	 0.000000000000 
defi- 	 11 	 40 	 45 	 0 	 1 	 0.000000000000 	 0.000000000000 	 0.000000000000 
defi- 	 11 	 45 	 50 	 0 	 1 	 0.000000000000 	 0.000000000000 	 0.000000000000 
defi- 	 11 	 50 	 55 	 0 	 1 	 0.000000000000 	 0.000000000000 	 0.000000000000 
defi- 	 11 	 55 	 60 	 0 	 1 	 0.000000000000 	 0.000000000000 	 0.000000000000 
defi- 	 11 	 60 	 65 	 0 	 1 	 0.000000000000 	 0.000000000000 	 0.000000000000 
defi- 	 11 	 65 	 70 	 0 	 1 	 0.000000000000 	 0.000000000000 	 0.000000000000 
defi- 	 11 	 70 	 75 	 0 	 1 	 0.000000000000 	 0.000000000000 	 0.000000000000 
defi- 	 11 	 0 	 120 	 1 	 3 	 0.000000000000 	 0.000000000000 	 0.000000000000 
ni- 	 12 	 0 	 5 	 0 	 1 	 0.000000001204 	 0.000000001204 	 0.000000001204 
ni- 	 12 	 5 	 10 	 0 	 1 	 0.000000007751 	 0.000000007751 	 0.000000007751 
ni- 	 12 	 10 	 15 	 0 	 1 	 0.000000018091 	 0.000000018091 	 0.000000018091 
ni- 	 12 	 15 	 20 	 0 	 1 	 0.000000026266 	 0.000000026266 	 0.000000026266 
ni- 	 12 	 20 	 25 	 0 	 1 	 0.000000051457 	 0.000000051457 	 0.000000051457 
ni- 	 12 	 25 	 30 	 0 	 1 	 0.000000106135 	 0.000000106135 	 0.000000106135 
ni- 	 12 	 30 	 35 	 0 	 1 	 0.000000164769 	 0.000000164769 	 0.000000164769 
ni- 	 12 	 35 	 40 	 0 	 1 	 0.000000216729 	 0.000000216729 	 0.000000216729 
ni- 	 12 	 40 	 45 	 0 	 1 	 0.000000272207 	 0.000000272207 	 0.000000272207 
ni- 	 12 	 45 	 50 	 0 	 1 	 0.000000355972 	 0.000000355972 	 0.000000355972 
ni- 	 12 	 50 	 55 	 0 	 1 	 0.000000420290 	 0.000000420290 	 0.000000420290 
ni- 	 12 	 55 	 60 	 0 	 1 	 0.000000492564 	 0.000000492564 	 0.000000492564 
ni- 	 12 	 60 	 65 	 0 	 1 	 0.000000604277 	 0.000000604277 	 0.000000604277 
ni- 	 12 	 65 	 70 	 0 	 1 	 0.000000713640 	 0.000000713640 	 0.000000713640 
ni- 	 12 	 70 	 75 	 0 	 1 	 0.000000987526 	 0.000000987526 	 0.000000987526 
ni- 	 12 	 0 	 120 	 1 	 3 	 0.000000000000 	 0.000000000000 	 0.000000000000 
defn 	 13 	 0 	 5 	 0 	 1 	 0.000000000000 	 0.000000000000 	 0.000000000000 
defn 	 13 	 5 	 10 	 0 	 1 	 0.000000000000 	 0.000000000000 	 0.000000000000 
defn 	 13 	 10 	 15 	 0 	 1 	 0.000000000000 	 0.000000000000 	 0.000000000000 
defn 	 13 	 15 	 20 	 0 	 1 	 0.000000000000 	 0.000000000000 	 0.000000000000 
defn 	 13 	 20 	 25 	 0 	 1 	 0.000000000000 	 0.000000000000 	 0.000000000000 
defn 	 13 	 25 	 30 	 0 	 1 	 0.000000000000 	 0.000000000000 	 0.000000000000 
defn 	 13 	 30 	 35 	 0 	 1 	 0.000000000000 	 0.000000000000 	 0.000000000000 
defn 	 13 	 35 	 40 	 0 	 1 	 0.000000000000 	 0.000000000000 	 0.000000000000 
defn 	 13 	 40 	 45 	 0 	 1 	 0.000000000000 	 0.000000000000 	 0.000000000000 
defn 	 13 	 45 	 50 	 0 	 1 	 0.000000000000 	 0.000000000000 	 0.000000000000 
defn 	 13 	 50 	 55 	 0 	 1 	 0.000000000000 	 0.000000000000 	 0.000000000000 
defn 	 13 	 55 	 60 	 0 	 1 	 0.000000000000 	 0.000000000000 	 0.000000000000 
defn 	 13 	 60 	 65 	 0 	 1 	 0.000000000000 	 0.000000000000 	 0.000000000000 
defn 	 13 	 65 	 70 	 0 	 1 	 0.000000000000 	 0.000000000000 	 0.000000000000 
defn 	 13 	 70 	 75 	 0 	 1 	 0.000000000000 	 0.000000000000 	 0.000000000000 
defn 	 13 	 0 	 120 	 1 	 3 	 0.000000000000 	 0.000000000000 	 0.000000000000 
nn 	 14 	 0 	 5 	 0 	 1 	 0.000000000000 	 0.000000000000 	 0.000000000000 
nn 	 14 	 5 	 10 	 0 	 1 	 0.000000000000 	 0.000000000000 	 0.000000000000 
nn 	 14 	 10 	 15 	 0 	 1 	 0.000000000000 	 0.000000000000 	 0.000000000000 
nn 	 14 	 15 	 20 	 0 	 1 	 0.000000000000 	 0.000000000000 	 0.000000000000 
nn 	 14 	 20 	 25 	 0 	 1 	 0.000000000000 	 0.000000000000 	 0.000000000000 
nn 	 14 	 25 	 30 	 0 	 1 	 0.000000000000 	 0.000000000000 	 0.000000000000 
nn 	 14 	 30 	 35 	 0 	 1 	 0.000000000000 	 0.000000000000 	 0.000000000000 
nn 	 14 	 35 	 40 	 0 	 1 	 0.000000000000 	 0.000000000000 	 0.000000000000 
nn 	 14 	 40 	 45 	 0 	 1 	 0.000000000000 	 0.000000000000 	 0.000000000000 
nn 	 14 	 45 	 50 	 0 	 1 	 0.000000000000 	 0.000000000000 	 0.000000000000 
nn 	 14 	 50 	 55 	 0 	 1 	 0.000000000000 	 0.000000000000 	 0.000000000000 
nn 	 14 	 55 	 60 	 0 	 1 	 0.000000000000 	 0.000000000000 	 0.000000000000 
nn 	 14 	 60 	 65 	 0 	 1 	 0.000000000000 	 0.000000000000 	 0.000000000000 
nn 	 14 	 65 	 70 	 0 	 1 	 0.000000000000 	 0.000000000000 	 0.000000000000 
nn 	 14 	 70 	 75 	 0 	 1 	 0.000000000000 	 0.000000000000 	 0.000000000000 
nn 	 14 	 0 	 120 	 1 	 3 	 0.000000000000 	 0.000000000000 	 0.000000000000 
si+ 	 15 	 0 	 5 	 0 	 1 	 0.000000000222 	 0.000000000222 	 0.000000000222 
si+ 	 15 	 5 	 10 	 0 	 1 	 0.000000001467 	 0.000000001467 	 0.000000001467 
si+ 	 15 	 10 	 15 	 0 	 1 	 0.000000003507 	 0.000000003507 	 0.000000003507 
si+ 	 15 	 15 	 20 	 0 	 1 	 0.000000015763 	 0.000000015763 	 0.000000015763 
si+ 	 15 	 20 	 25 	 0 	 1 	 0.000000077581 	 0.000000077581 	 0.000000077581 
si+ 	 15 	 25 	 30 	 0 	 1 	 0.000000224137 	 0.000000224137 	 0.000000224137 
si+ 	 15 	 30 	 35 	 0 	 1 	 0.000000386197 	 0.000000386197 	 0.000000386197 
si+ 	 15 	 35 	 40 	 0 	 1 	 0.000000533444 	 0.000000533444 	 0.000000533444 
si+ 	 15 	 40 	 45 	 0 	 1 	 0.000000696193 	 0.000000696193 	 0.000000696193 
si+ 	 15 	 45 	 50 	 0 	 1 	 0.000000960920 	 0.000000960920 	 0.000000960920 
si+ 	 15 	 50 	 55 	 0 	 1 	 0.000001176111 	 0.000001176111 	 0.000001176111 
si+ 	 15 	 55 	 60 	 0 	 1 	 0.000001472084 	 0.000001472084 	 0.000001472084 
si+ 	 15 	 60 	 65 	 0 	 1 	 0.000001956892 	 0.000001956892 	 0.000001956892 
si+ 	 15 	 65 	 70 	 0 	 1 	 0.000002503738 	 0.000002503738 	 0.000002503738 
si+ 	 15 	 70 	 75 	 0 	 1 	 0.000003878873 	 0.000003878873 	 0.000003878873 
si+ 	 15 	 0 	 120 	 1 	 3 	 0.000000000000 	 0.000000000000 	 0.000000000000 
si- 	 16 	 0 	 5 	 0 	 1 	 0.000000001077 	 0.000000001077 	 0.000000001077 
si- 	 16 	 5 	 10 	 0 	 1 	 0.000000007160 	 0.000000007160 	 0.000000007160 
si- 	 16 	 10 	 15 	 0 	 1 	 0.000000017236 	 0.000000017236 	 0.000000017236 
si- 	 16 	 15 	 20 	 0 	 1 	 0.000000025328 	 0.000000025328 	 0.000000025328 
si- 	 16 	 20 	 25 	 0 	 1 	 0.000000049384 	 0.000000049384 	 0.000000049384 
si- 	 16 	 25 	 30 	 0 	 1 	 0.000000104676 	 0.000000104676 	 0.000000104676 
si- 	 16 	 30 	 35 	 0 	 1 	 0.000000167255 	 0.000000167255 	 0.000000167255 
si- 	 16 	 35 	 40 	 0 	 1 	 0.000000225727 	 0.000000225727 	 0.000000225727 
si- 	 16 	 40 	 45 	 0 	 1 	 0.000000291958 	 0.000000291958 	 0.000000291958 
si- 	 16 	 45 	 50 	 0 	 1 	 0.000000402042 	 0.000000402042 	 0.000000402042 
si- 	 16 	 50 	 55 	 0 	 1 	 0.000000492264 	 0.000000492264 	 0.000000492264 
si- 	 16 	 55 	 60 	 0 	 1 	 0.000000613634 	 0.000000613634 	 0.000000613634 
si- 	 16 	 60 	 65 	 0 	 1 	 0.000000811343 	 0.000000811343 	 0.000000811343 
si- 	 16 	 65 	 70 	 0 	 1 	 0.000001045518 	 0.000001045518 	 0.000001045518 
si- 	 16 	 70 	 75 	 0 	 1 	 0.000001669748 	 0.000001669748 	 0.000001669748 
si- 	 16 	 0 	 120 	 1 	 3 	 0.000000000000 	 0.000000000000 	 0.000000000000 
sn 	 17 	 0 	 5 	 0 	 1 	 0.000000000000 	 0.000000000000 	 0.000000000000 
sn 	 17 	 5 	 10 	 0 	 1 	 0.000000000000 	 0.000000000000 	 0.000000000000 
sn 	 17 	 10 	 15 	 0 	 1 	 0.000000000000 	 0.000000000000 	 0.000000000000 
sn 	 17 	 15 	 20 	 0 	 1 	 0.000000000000 	 0.000000000000 	 0.000000000000 
sn 	 17 	 20 	 25 	 0 	 1 	 0.000000000000 	 0.000000000000 	 0.000000000000 
sn 	 17 	 25 	 30 	 0 	 1 	 0.000000000000 	 0.000000000000 	 0.000000000000 
sn 	 17 	 30 	 35 	 0 	 1 	 0.000000000000 	 0.000000000000 	 0.000000000000 
sn 	 17 	 35 	 40 	 0 	 1 	 0.000000000000 	 0.000000000000 	 0.000000000000 
sn 	 17 	 40 	 45 	 0 	 1 	 0.000000000000 	 0.000000000000 	 0.000000000000 
sn 	 17 	 45 	 50 	 0 	 1 	 0.000000000000 	 0.000000000000 	 0.000000000000 
sn 	 17 	 50 	 55 	 0 	 1 	 0.000000000000 	 0.000000000000 	 0.000000000000 
sn 	 17 	 55 	 60 	 0 	 1 	 0.000000000000 	 0.000000000000 	 0.000000000000 
sn 	 17 	 60 	 65 	 0 	 1 	 0.000000000000 	 0.000000000000 	 0.000000000000 
sn 	 17 	 65 	 70 	 0 	 1 	 0.000000000000 	 0.000000000000 	 0.000000000000 
sn 	 17 	 70 	 75 	 0 	 1 	 0.000000000000 	 0.000000000000 	 0.000000000000 
sn 	 17 	 0 	 120 	 1 	 3 	 0.000000000000 	 0.000000000000 	 0.000000000000 
f 	 18 	 0 	 5 	 0 	 1 	 0.000000000019 	 0.000000000019 	 0.000000000019 
f 	 18 	 5 	 10 	 0 	 1 	 0.000000000102 	 0.000000000102 	 0.000000000102 
f 	 18 	 10 	 15 	 0 	 1 	 0.000000000197 	 0.000000000197 	 0.000000000197 
f 	 18 	 15 	 20 	 0 	 1 	 0.000000000589 	 0.000000000589 	 0.000000000589 
f 	 18 	 20 	 25 	 0 	 1 	 0.000000002312 	 0.000000002312 	 0.000000002312 
f 	 18 	 25 	 30 	 0 	 1 	 0.000000005797 	 0.000000005797 	 0.000000005797 
f 	 18 	 30 	 35 	 0 	 1 	 0.000000009094 	 0.000000009094 	 0.000000009094 
f 	 18 	 35 	 40 	 0 	 1 	 0.000000011675 	 0.000000011675 	 0.000000011675 
f 	 18 	 40 	 45 	 0 	 1 	 0.000000014135 	 0.000000014135 	 0.000000014135 
f 	 18 	 45 	 50 	 0 	 1 	 0.000000017498 	 0.000000017498 	 0.000000017498 
f 	 18 	 50 	 55 	 0 	 1 	 0.000000019986 	 0.000000019986 	 0.000000019986 
f 	 18 	 55 	 60 	 0 	 1 	 0.000000024321 	 0.000000024321 	 0.000000024321 
f 	 18 	 60 	 65 	 0 	 1 	 0.000000031558 	 0.000000031558 	 0.000000031558 
f 	 18 	 65 	 70 	 0 	 1 	 0.000000036872 	 0.000000036872 	 0.000000036872 
f 	 18 	 70 	 75 	 0 	 1 	 0.000000050241 	 0.000000050241 	 0.000000050241 
f 	 18 	 0 	 120 	 1 	 3 	 0.000000000000 	 0.000000000000 	 0.000000000000 
